  sl  local_address rem_address   st tx_queue rx_queue tr tm->when retrnsmt   uid  timeout inode
   0: 2A0A0A0A:0016 340A0A0A:D635 01 00000000:00000000 00 00000000 0        0 31204 1 0000000000000000 20 4 24 10 -1
   1: 2A0A0A0A:1F90 010A0A0A:A121 01 00000000:00000000 00 00000000 0        0 44812 1 0000000000000000 20 4 30 10 -1
   2: 2A0A0A0A:1F90 0E0A0A0A:98B6 01 00000000:00000000 00 00000000 0        0 44813 1 0000000000000000 20 4 30 10 -1
   3: 2A0A0A0A:1394 010A0A0A:DA6E 01 00000000:00000000 00 00000000 0        0 55910 1 0000000000000000 20 4 25 10 -1
   4: 2A0A0A0A:AFAC 0A010A0A:0185 01 00000000:00000000 00 00000000 0        0 31204 1 0000000000000000 20 4 24 10 -1
   5: 2A0A0A0A:AFAD 0A010A0A:0185 01 00000000:00000000 00 00000000 0        0 31205 1 0000000000000000 20 4 24 10 -1
   6: 2A0A0A0A:CC05 0A010A0A:01BD 01 00000000:00000000 00 00000000 0        0 44911 1 0000000000000000 20 4 24 10 -1
   7: 2A0A0A0A:CC06 0A010A0A:01BD 01 00000000:00000000 00 00000000 0        0 52301 1 0000000000000000 20 4 24 10 -1
   8: 2A0A0A0A:DF01 140A0A0A:01BD 01 00000000:00000000 00 00000000 0        0 57001 1 0000000000000000 20 4 24 10 -1
   9: 2A0A0A0A:DF02 150A0A0A:01BD 01 00000000:00000000 00 00000000 0        0 57002 1 0000000000000000 20 4 24 10 -1
